00000000000000000000222222222222222000000222222222222222222222222222222222222222
00000000000000000002222222222222222222220222222222222222222222200000000000000000
22222222222222222222222222222222222000000222222222222000000000000000000000000000
22222222222222222222222222222222222222220222222222222222222222222222220000000000
00000000000022222222222222222222222000000222222222222222222222222000000000000000
22222222222222222222222222222200000000000000000000000022222222222222222222222222
22222222222222222222222220000000000000000000022222222222222222222222222222222222
00000000000002222222222222222222222000000000000000000000000002222222222222222222
00000000000000000000000000222222222222222222222222222222222222222000000000000000
00000000000000022222222222222222222222222222000000000000000000000000000000000000
00000000000000000000000222222222200000000000000000022222222222222222222222222222
00000000002222222222222222222222222222222222222222222222222222222222222222222222
00000000000000222222222222222222222222222222222000000000000000000000000000000000
22222222222222222222222222222222222222222222222222222222222222222222220000000000
22222222222222222222222222222000000000000000000000000000000000222222222222222222
00000000000000000222222222222222222222222222222222222222222222200000000000000000
00000000000000000000000002222222222222222222222222222222222222222222222220000000
22222222222222222220000000000000000222222222222222222222222222222222222222222220
22222222222222222222222222222222222222222222222222222222222200000000000000000000
00000000000000000002222222222222222222222222222222222222222222200000000000000000
00000000022222222222222222222222222222222222222222222000000000000000000000000000
00000000000000000000000000002222222222222222222222222222222222222222220000000000
00000000000022222222222222222222222222222222222222222222222222222000000000000000
00000000000000000022222222222222222222222222222222200000000000000000000000000000
22222222222222222220000000000000000000000022222222222222222222222222222222222220
00000000000002222222222222222222222222222222222222222222222222222222222222222220
00000000000000000000000000222222222222222222222222222222222222222000000000000000
00000000000000022222222222222222222222222222000000000000000000000000000000000000
00000000000000022222222222222222222202222222222222222222222222222222200000000000
00000000002222222222222222222222220022222222222222222222222222222222000000000000
00000000000000222222222222022222200022222222222222222222222222222222000000000000
00000000000222222222220222022222200022222002220222222222222222222222220000000000
00000000000000000000000022000022000022222022200222222022222222222220000000000000
00000000000000000222200002002222200000200022002202200222222222200000000000000000
00000000000000000000000002000000000000000000022022022222222222222222222220000000
00000000000000000000000000000000000000000000000000000000000000000000000000000000
00000000000000000000000000000000000000000000000000000000000000000000000000000000